20
5
2 4 1 9 5 12 1 12 1 3
6
1 3 1 13 7 8 12 15 3 5 7 9
7
2 4 2 11 6 8 2 5 1 3 9 11 4 9
8
10 12 1 3 6 9 7 14 4 12 2 6 1 4 1 9
9
5 15 6 14 2 4 1 4 3 6 2 9 5 7 4 8 8 10
10
11 17 5 10 3 12 11 20 4 6 6 16 8 18 1 3 6 11 1 3
10
6 15 8 12 4 6 1 3 15 20 15 20 6 13 2 7 5 14 2 8
10
2 6 5 16 4 6 7 19 1 3 8 20 10 20 1 3 6 8 9 14
10
3 12 2 10 4 11 2 13 10 13 2 6 5 10 7 15 1 3 14 18
10
1 4 6 9 1 4 12 20 8 13 2 7 10 20 2 9 1 9 2 6
15
2 5 5 17 22 25 24 28 1 5 14 19 16 25 19 25 1 5 6 12 4 6 4 11 12 21 13 25 18 28
15
17 24 1 8 5 7 15 19 4 10 5 7 1 9 1 6 7 11 18 28 15 21 13 25 18 24 1 3 1 3
15
16 20 15 24 10 12 23 29 13 22 13 22 1 3 12 17 2 7 2 4 11 14 13 22 1 6 16 25 13 23
15
19 28 5 11 14 17 2 4 4 15 2 10 3 11 2 5 3 8 2 10 23 26 8 13 10 20 24 27 8 20
15
14 25 18 23 17 21 4 8 20 23 16 26 1 7 22 26 18 25 14 21 9 17 20 30 1 8 4 15 13 18
20
39 49 40 45 19 25 1 10 2 8 31 39 8 18 42 49 5 11 14 23 37 42 11 15 4 14 3 7 4 6 11 14 8 12 1 4 39 49 4 15
20
37 47 24 31 2 10 33 37 6 9 40 47 32 36 31 39 37 46 10 14 9 21 12 19 29 40 13 24 36 40 4 6 8 17 12 15 7 11 14 21
20
6 13 8 10 12 17 18 23 43 46 29 33 28 33 14 24 42 45 15 18 27 37 19 24 5 8 5 15 1 13 20 26 25 30 4 14 17 25 19 22
20
13 20 5 8 23 34 19 23 2 4 38 42 37 49 39 46 35 41 11 23 29 38 2 13 31 37 25 36 16 19 40 44 35 43 4 11 21 31 17 23
20
10 21 36 41 25 36 18 30 7 14 26 32 29 33 1 4 34 41 18 21 19 24 6 17 20 25 45 50 38 49 10 16 1 7 13 21 9 21 8 18
