20
10 15
1 3 1 7 1 9 2 3 2 4 2 7 2 8 2 9 2 10 3 6 3 7 3 8 5 8 6 8 7 9
10 15
1 6 1 8 1 2 1 9 1 10 2 3 2 7 2 10 4 5 4 6 4 7 5 8 6 7 8 9 8 10
10 15
1 3 1 8 1 10 2 4 3 6 3 8 4 5 4 6 4 7 5 9 6 8 6 9 8 9 8 10 9 10
10 15
1 2 2 4 2 5 2 6 2 9 3 8 4 7 5 6 5 7 5 8 5 9 5 10 6 8 8 9 8 10
10 15
1 3 2 7 2 9 3 4 5 1 3 8 5 3 5 6 5 8 6 7 5 9 7 9 9 1 9 8 6 10
20 25
1 10 1 14 2 11 3 12 3 13 4 6 4 8 5 15 6 8 7 9 7 12 7 16 7 18 7 20 8 13 9 13 9 20 10 12 11 19 12 20 13 20 14 17 17 18 17 20 18 19
20 25
1 4 1 9 1 13 2 7  2 11 2 13 4 11 5 16 6 7  7 8  7 16 8 15 8 18 9 10 9 18 9 20 10 15 10 19 11 13 11 14 14 18 15 16 15 18 16 18 17 18
20 25
1 3 1 17 1 18 2 15 2 18 2 19 3 6 3 9 3 11 3 14 3 15 3 16 4 8 4 9 5 11 6 9 7 11 8 12 9 13 9 20 10 18 11 14 11 15 15 20 17 19
20 25
1 2 2 9 2 15 3 6 3 11 3 13 3 15 4 10 4 11 4 14 4 18 5 11 5 14 5 17 6 7 6 11 6 19 7 10 7 18 8 12 9 20 10 18 12 18 15 16 17 18
20 25
1 13 2 10 2 11 3 4 3 9 3 14 3 20 4 5 4 11 4 14 4 17 5 6 5 12 5 13 5 20 6 17 7 9 8 13 8 14 10 18 12 13 12 18 15 16 15 18 16 20
30 50
1 2 1 11 1 15 3 19 3 20 3 23 4 21 4 23 4 27 5 6 5 12 5 22 5 23 5 29 6 9 6 23 6 25 7 10 8 20 8 24 8 30 9 10 9 12 9 16 9 28 10 23 10 27 11 18 11 26 11 29 12 26 13 16 13 23 13 27 14 17 14 20 15 17 15 19 15 24 16 18 16 23 16 25 17 29 19 21 19 26 20 30 21 26 21 28 23 24 23 27
30 50
1 6 1 13 1 12 1 28 2 12 2 15 2 29 3 7 3 9 3 10 3 13 3 26 4 12 4 15 4 17 4 28 4 30 5 8 5 14 5 27 6 8 6 26 6 28 7 16 7 20 7 24 7 29 8 9 8 18 8 28 8 10 10 14 10 17 10 7 11 13 12 13 12 19 13 25 13 26 14 22 16 22 16 28 17 21 17 22 18 26 20 28 21 23 23 26 24 27 29 30
30 50
1 3 1 12 1 14 1 19 1 21 1 29 3 13 3 14 3 17 3 20 4 5 4 15 4 17 4 19 4 29 5 10 6 8 6 10 6 19 6 20 6 25 7 11 7 29 8 9 8 22 9 24 9 25 10 14 10 16 10 28 14 26 15 17 15 28 16 22 16 28 17 19 17 25 17 28 18 22 18 25 19 20 19 27 19 21 20 27 21 23 21 28 22 30 27 29 28 30 29 30
30 50
1 5 1 7 1 13 1 14 1 23 2 17 3 10 3 19 3 25 4 15 4 25 4 28 5 8 5 9 5 14 5 19 6 21 6 22 6 28 7 14 7 24 8 13 8 15 8 21 8 22 8 28 8 6 9 15 9 18 9 25 10 30 11 12 11 14 11 16 12 28 12 30 13 18 14 17 14 18 14 22 14 29 15 27 16 18 16 21 17 26 19 22 19 25 21 11 21 23 22 28
30 50
1 10 2 5 2 6 2 9 2 11 2 16 2 17 3 5 3 14 3 19 3 22 4 8 5 13 5 18 6 11 6 19 6 23 8 11 9 17 9 24 10 16 10 17 10 18 10 26 11 13 11 21 11 22 11 26 12 15 12 20 12 29 13 18 13 20 13 21 13 28 13 29 14 21 14 24 14 25 14 30 15 24 16 17 18 26 21 23 21 26 21 27 22 23 22 24 22 28 23 30
50 100
1 2 1 4 1 5 1 35 2 3 2 6 2 7 2 14 2 15 2 18 2 35 2 48 3 19 3 26 3 31 4 10 4 13 4 15 4 33 4 40 5 10 5 13 5 26 5 48 6 16 6 17 6 19 7 10 7 25 7 27 7 28 7 29 7 42 7 46 8 27 9 11 9 22 9 23 9 50 10 16 10 33 10 36 11 16 11 20 11 29 12 15 12 23 12 39 13 20 13 50 14 20 14 24 14 31 14 49 15 31 15 38 15 50 16 33 17 20 17 24 17 29 17 39 18 19 18 28 19 40 19 48 20 33 21 31 21 39 22 25 22 29 22 43 23 31 23 40 23 50 24 39 24 42 24 43 25 48 26 46 27 31 28 30 29 48 30 41 31 42 31 43 31 48 32 35 32 36 33 40 33 41 36 45 39 42 40 50 41 42 41 43 42 48 43 44 43 50 46 48
50 100
1 3 1 10 1 15 1 25 1 40 2 11 2 28 3 26 3 45 3 46 4 23 4 42 5 6 5 13 5 15 5 37 6 9 6 13 6 18 6 20 7 10 7 15 9 25 9 27 9 33 9 38 10 11 10 43 11 35 12 17 12 21 12 27 12 29 13 21 13 37 14 23 14 30 14 36 14 42 15 32 15 33 16 27 16 29 16 37 16 41 17 28 17 35 17 42 17 45 18 27 18 33 18 41 19 34 19 44 19 45 20 24 21 33 21 39 22 35 22 39 22 46 22 47 23 25 24 27 24 28 24 32 24 34 24 36 25 29 25 42 25 45 26 35 26 38 26 41 26 47 27 28 27 42 28 30 28 36 28 38 29 33 29 43 29 49 30 34 30 42 31 48 32 35 33 35 33 40 33 49 34 43 34 46 38 47 38 50 40 46 41 44 44 50 45 48 45 49 47 48
50 100
1 24 1 26 1 28 1 33 1 41 1 48 2 6 2 20 2 31 2 33 2 36 2 37 2 47 3 10 3 44 4 19 4 30 4 32 5 22 5 32 5 36 6 14 6 33 6 37 7 15 7 17 7 25 8 12 8 20 8 36 8 40 8 48 9 10 9 13 9 16 9 17 9 46 10 22 10 31 10 42 10 46 11 27 11 28 11 36 11 37 11 40 11 41 12 38 12 41 13 27 13 29 13 30 14 37 14 42 15 21 15 34 15 35 15 40 15 49 16 31 16 45 17 19 17 44 18 19 18 43 18 46 19 38 21 26 21 38 21 45 22 23 22 25 22 27 22 36 22 42 24 25 24 28 24 32 24 35 24 39 25 29 26 37 26 47 30 35 30 38 30 41 31 32 31 35 32 40 33 46 33 50 34 35 36 38 38 39 38 43 40 46 42 43 42 50 43 49 49 50
50 100
1 12 1 30 1 38 1 37 2 37 3 7 3 9 3 19 3 29 3 33 4 23 4 24 4 25 4 35 4 41 4 43 5 18 5 19 5 40 5 41 5 44 5 48 6 9 6 22 6 37 6 38 7 8 7 38 7 39 7 42 7 49 8 13 8 17 8 22 8 33 8 34 8 39 8 41 9 23 9 26 9 34 9 37 9 43 9 46 10 15 10 30 10 35 11 32 11 41 11 50 12 15 12 18 12 34 13 16 13 25 14 15 14 16 15 29 15 37 16 17 17 19 17 24 17 41 17 43 18 22 18 32 18 39 19 22 19 39 20 27 20 28 20 30 21 31 22 28 22 45 23 37 23 39 24 26 24 48 25 49 26 32 29 33 29 39 29 40 29 45 31 46 31 47 32 37 32 42 33 34 33 36 34 49 35 38 36 50 37 45 38 42 38 47 41 48 43 47 44 49
50 100
1 41 2 6 2 9 2 28 2 29 2 40 2 46 3 7 3 24 4 8 4 16 5 9 5 35 5 46 5 50 6 37 6 38 7 9 7 12 7 19 7 21 7 41 7 45 8 10 8 19 8 34 8 35 8 42 8 50 9 17 9 19 9 31 9 41 10 12 10 15 10 19 10 36 10 37 11 12 11 22 11 34 12 35 12 39 13 21 13 22 13 32 13 42 14 16 14 25 14 27 14 41 14 43 15 34 16 36 16 44 16 47 17 27 17 29 17 41 18 21 18 28 19 27 21 31 21 37 22 39 23 27 23 34 23 41 24 32 26 39 27 31 27 33 27 41 27 45 28 32 28 37 28 40 28 48 29 36 29 40 29 43 30 42 31 40 31 43 32 36 32 39 32 48 32 50 34 37 35 40 36 48 37 44 37 50 38 46 41 43 43 45 43 47 44 48 45 48 46 48
