20
4
1 -1 1 -2
3
-2 -1 1
5
-6 -3 -2 -3 -4
4
1 1 -2 2
6
2 -1 7 -2 -9 1
5
4 4 -1 -4 -4
7
-3 -2 2 -2 2 2 -1
7
-2 3 4 -5 4 4 2
7
4 2 -1 4 1 4 -1
8
4 -2 -5 -3 -2 -4 1 -4
8
-2 5 1 -2 -4 -2 -2 2
9
4 -3 -10 -3 -8 -3 9 8 7
9
-2 -5 -3 -5 7 -7 -4 -10 4
10
1 2 1 2 2 1 1 2 1 2
10
-7 -6 4 -5 6 2 -4 5 -5 10
15
9 -1 4 -6 1 -4 -2 7 -5 1 -4 -7 10 3 -3
15
100 14 -26 20 10 -16 47 29 92 -55 74 17 38 -40 18
15
35 42 48 37 46 1 78 -35 55 -46 65 23 13 -25 19
20
8 -4 1 1 6 -6 -9 2 10 5 -3 -10 2 8 7 -8 9 10 -8 -4
20
-140 845 248 -326 276 -756 -761 -261 919 562 805 629 -981 900 -975 527 -341 975 -64 967
